1690047322
1690047415
1690050547
1690081424
1690081489
1690081518
1690083094
1690083136
1690083204
1690084535
1690084572
1690084593
1690084632
1690085059
1690085265
1690085566
1690092253
1690092379
1690094712
1690152979
1690176961
1690177154
1690177377
1690177992
1690178253
1690178464
1690178494
1690178542
1690179398
1690179531
1690179553
1690179581
1690179839
1690180385
1690180971
1690180987
1690221637
1690221860
1690222922
1690223541
1690223627
1690223892
1690223949
1690227804
1690228859
1690228872
1690229096
1690229262
1690229272
1690229313
1690229351
1690229825
1690229874
